Performance Statistics:------------------------------------------------------------------------
Training Accuracy	Testing Accuracy	Training Coverage	Testing Coverage
0.9337523725062943	0.9335051451065329	1.0	1.0

Population Characterization:------------------------------------------------------------------------
MacroPopSize	MicroPopSize	Generality
675	1000	0.920153846153838

SpecificitySum:------------------------------------------------------------------------
N0	N1	N2	N3	N4	X	N5	N6	N7	N8	N9	N10	N11
0	1	0	4	0	999	0	1	0	1	18	0	1

AccuracySum:------------------------------------------------------------------------
N0	N1	N2	N3	N4	X	N5	N6	N7	N8	N9	N10	N11
0.0	1.0	0.0	3.1525125237733502	0.0	795.0322496574587	0.0	1.0	0.0	1.0	14.36897218790689	0.0	1.0

AttributeTrackingGlobalSums:------------------------------------------------------------------------
N0	N1	N2	N3	N4	X	N5	N6	N7	N8	N9	N10	N11
18538.184379899165	38565.89000311995	16863.403652684774	221277.93573556983	28731.560674317563	9401513.30299714	12246.77291312856	53716.17927379249	43797.86729705283	70549.1301292503	606823.049427548	16967.64507126966	97562.69838625296

Run Time(in minutes):------------------------------------------------------------------------
Global Time	247.61166648070017
Matching Time	15.862019681930542
Covering Time	0.0
Deletion Time	0.21810577313105264
Subsumption Time	0.0
Selection Time	0.04209391673405965
Crossover Time	0.004903662204742432
Mutation Time	0.0
Attribute Tracking-Feedback Time	0.27052887678146365
Expert Knowledge Time	4.174709320068359e-05
Output File Time	0.0
Initialization Time	0.0032992998758951822
Add Classifier Time	0.07373844385147095
Evaluation Time	8.01933222214381
Rule Compaction Time	0.0

CorrectTrackerSave:------------------------------------------------------------------------
0.919984199601532	0.9869209446410145	0.8948854942977218	0.9285395580567748	0.9142262769478995	0.8863003444750328	0.9603734507995098	0.9381904909226324	0.9704470986785169	0.9473111085985941	0.8492273351079281	0.9059273135565891	0.8263126648438661	0.9920095807269823	0.9052340827260154	0.9696889623044255	0.9505674523912562	0.9971272344657652	0.8441878008771468	0.9881079007732964	0.9569884512889882	0.9272123244949488	0.961024753413231	0.8456975487503086	0.9191387908474633	0.999460650478205	0.8833037847663084	0.9455225390729767	0.9468645871430135	0.9643987158511952	0.983706271923867	0.9705781859719054	0.801653876542533	0.9638945774299843	0.825748160202868	0.9588187208775335	0.8516250659628525	0.9507760415833107	0.8684910037151237	0.9567246494881261	0.9472152979466061	0.9802093669104249	0.9936585105485374	0.8278060423387228	0.8169743291289664	0.9590964758857611	0.9460812418812916	0.9639801121092193	0.9878789789640949	0.9840687137903532	0.9609481035845262	0.9431136498640689	0.8253291023838047	0.8696733395268605	0.9623541084589452	0.9930001108309594	0.9479814315087253	0.9625913921592659	0.9155109815294669	0.9871136151883148	0.9540900584354814	0.979575227883041	0.9702568141545942	0.8968967673884258	0.9954902548097516	0.9670491120603408	0.9957957842314756	0.9852712970679688	0.9101597227705805	0.975816030346115	0.9316467314794126	0.9704445076828851	0.9202942828075356	0.9628179269657668	0.9574299264268723	0.9798951031902867	0.8029522263207071	0.8347665225647594	0.974726475434239	0.9154263560171906	0.7655613117011415	0.9750829300620405	0.8415311986579196	0.9947823692695376	0.9492722824863525	0.8014192207019295	0.9483299661883726	0.9347172795056089	0.9959349096087671	0.9942277323396495	0.9925752022954748	0.9647720165990151	0.9775575686240265	0.9840545783690161	0.990194449309221	0.7850345582900976	0.9488345548009128	0.8199705789435912	0.9761383274219315	0.9643669159859019	0.9362978468949272	0.9640987065105302	0.9884162850662884	0.9337115424091068	0.8657297572356463	0.8255944647961648	0.980472682792356	0.972417316343346	0.8269057463794796	0.949639803363588	0.9454308633091606	0.9883596021542086	0.9305958140495909	0.9665198973355058	0.8870486534780674	0.9495393159969802	0.8962859608348254	0.9823178233530004	0.9488483663916205	0.955673690655189	0.9868919332579568	0.9112185330651809	0.9747505849790791	0.9903099112457705	0.9971864960284716	0.9889543028796344	0.9117546003299455	0.8457599973341764	0.9911061195847913	0.947722370218346	0.8748901781973155	0.765787084020947	0.9551990690636027	0.8332266004302553	0.9657287008681198	0.999022915266932	0.8863288722727454	0.9522972597739182	0.9927494637266889	0.8512429608946745	0.9148979365218138	0.7941339089702348	0.9978297383352899	0.990124410262015	0.9915597620844334	0.9836961750006095	0.981961048440912	0.9748324585846979	0.961780469305606	0.9344399094086429	0.9533800507262142	0.8152864700228714	0.7717820209748552	0.7867466377572898	0.9631213094250262	0.8347109913671071	0.9724054584215175	0.9911661362966236	0.8718186680676024	0.9583850038126883	0.8694927513516909	0.9757291174661212	0.8958971198130414	0.8658198178027183	0.8198141058363645	0.843848984328635	0.8389677785581051	0.9813708594761567	0.906021522683659	0.9088949275470115	0.9402532602420518	0.971051565880644	0.9890341021424891	0.774923590379295	0.9804921957279923	0.9503202578108326	0.8359112526494463	0.9832579445517299	0.9881141593308242	0.837581730790845	0.9571686250581529	0.9943503737434629	0.7684145196209291	0.9572722346144371	0.9707392011975374	0.9686661298602577	0.9015819696647573	0.8989446403624529	0.9538420348707815	0.9416226824091273	0.8201822114274601	0.9874924211943713	0.9707606772968072	0.8558002500288836	0.9019660987228609	0.954447001972449	0.9925466751992713	0.9891043057991281	0.9930988242684241	0.9214502168666606	0.9739498471768374	0.9239795809865274	0.9680153042065144	0.8917446628124421	0.8290009998707133	0.8658654018920448	0.9746622217249393	0.9770236144117433	0.9418947570416148	0.8166105506660697	0.9545701243030741	0.9607865471961317	0.9332502021083289	0.9349581363727294	0.9811328890889325	0.8711242491737881	0.9663864651332882	0.9733545504867412	0.9519534177867345	0.9299069058164556	0.9687369456448529	0.9527810507583566	0.9494266852049267	0.9490258279061645	0.9867610876809908	0.995029865513932	0.9605563076199785	0.7698320673369885	0.8253446973451172	0.8184970601147334	0.953374148230313	0.9587626939371579	0.8972087331963116	0.8892695699648966	0.9319455757511921	0.9294888755872157	0.9705356053150944	0.9431060349331297	0.9620126033818914	0.9572512921093878	0.9982486116185553	0.9944773499297347	0.8812749271752007	0.7617415405602139	0.9761613529542524	0.9693623058455163	0.9990768615741863	0.8122617962628789	0.98603716741041	0.9578835764339271	0.9662269716425729	0.7799555395407536	0.8823112713975904	0.9419288417905652	0.9445983420794154	0.8225888226835492	0.9070000104336193	0.7887233567113572	0.9361358587597444	0.9851357477163278	0.9993937405479345	0.9838834946375417	0.9668169008338114	0.7818603306221127	0.9764580357846256	0.9880839465098938	0.8516135127228753	0.8998954879124651	0.8609036393030074	0.9801673127022151	0.8796716436440066	0.9804062990123189	0.8877269229325994	0.9963691483699203	0.9251149947030408	0.9634883303442281	0.9998600303615891	0.9756366487039554	0.9655546466578131	0.9454480183222765	0.9814335832833411	0.9791925426416744	0.9965588507040164	0.9407884541311007	0.8702319830043532	0.9704344127415061	0.9714785019296889	0.822276629482822	0.9092831091089884	0.9807608856105087	0.9789890841793297	0.9912161606004807	0.9914013096237532	0.9644615777258065	0.9279833472458191	0.9250835313374743	0.9282391623458555	0.8244665037126728	0.9747209372469179	0.7980923552113965	0.9408501183120926	0.9498631462385215	0.9493677852146731	0.972814078405883	0.9691240103667742	0.966104561896921	0.8667542600561683	0.9671082937030279	0.9768215912474999	0.9911570856278662	0.9193339881100776	0.9396575851893899	0.9438483888905955	0.9432763621450638	0.9764098023776668	0.9526117896000037	0.9950236328538432	0.8592802644751214	0.949090612122345	0.9979497099830934	0.855680916356062	0.9659456552573511	0.9281305003390992	0.7986026841630232	0.975671273210969	0.8814042960858597	0.972396929970199	0.7845883536084968	0.9146295399320004	0.8284954324408798	0.9253364072770434	0.9401899022000016	0.845652392941592	0.9388747733552799	0.985109462591313	0.9756112843382845	0.7639806830795677	0.9037061763420087	0.9341557000281245	0.9452244023385494	0.9610880145270615	0.9571932218067062	0.8372774518150017	0.9594448258921933	0.8765539608478403	0.954468357761668	0.9586539960028274	0.9059839412102347	0.9657934056548916	0.9930590257768599	0.8455433076370252	0.9987007252491275	0.8188471405019957	0.992212550782328	0.9632287403801728	0.8528002910090524	0.9934471105370631	0.8962282028168165	0.9401093885250172	0.9672388957056178	0.9584116953245679	0.9845594270205423	0.9972485718393941	0.8928870733260303	0.9996890273879045	0.9591828090148734	0.9080682713353572	0.9130893762924978	0.8951803701094694	0.890003637150566	0.789851216162036	0.9690821972085825	0.9946259175317064	0.8391620539921524	0.9454681563445992	0.9832230113753647	0.989510897351162	0.970661556098816	0.8576675662640422	0.9247301991139973	0.9254889569272159	0.9741272904998564	0.8343279547662705	0.9730861710086113	0.9217456575957811	0.9746035544854461	0.9958186372905619	0.7639151525502503	0.9710652403682016	0.9620146288379166	0.9561938624725768	0.9990594258300195	0.9622701244563918	0.9536039862647885	0.9629743622020902	0.9836649078818602	0.9521458872788613	0.9531408255320494	0.9353650164596133	0.9837502450188101	0.9489705936040044	0.964687653366784	0.9400392900834282	0.9665813809072259	0.9878250359041699	0.9438628466751126	0.9601418593319283	0.9742537955962929	0.990603188836256	0.9560769281956756	0.9485215373023518	0.9614044119269246	0.9522586705302696	0.8262296142964092	0.9578666907294549	0.9875967123855857	0.9882801538502639	0.8256195273764241	0.9704886388004209	0.9884967795514619	0.7571251165764864	0.9801207965112152	0.8380585012424193	0.9989560224021942	0.9660700339789966	0.8621183320356297	0.9624509836786618	0.9782688835677035	0.9784643181694558	0.8802479656240338	0.9954677353524292	0.9934212866550465	0.8902654917108405	0.9205425757702095	0.8812130197953834	0.9699410540491405	0.8323214563273051	0.9996801196768913	0.9967565798564465	0.8709572096396199	0.9990702356315598	0.8601418593319283	0.9296506838951548	0.9732032490322202	0.9087873264434349	0.9644772472317485	0.9438474596465574	0.9510190864909811	0.9630330565047207	0.9383482418151139	0.9439741107837403	0.9769269448196243	0.8074253597332102	0.953303260653935	0.9449920834849348	0.994186098298026	0.9293512380945239	0.8606498663635016	0.9475774598577974	0.9393907872847644	0.9532924188942955	0.9803258388094505	0.9985053881679625	0.9567848796764553	0.9077404524146773	0.8846655696519032	0.9728501817950035	0.957563853207481	0.9772104108899378	0.9365662156655916	0.941656946109148	0.8948745837809893	0.9000075789384985	0.9448157888378266	0.9632463692841625	0.7877314766497762	0.9848455837845735	0.8342677343341873	0.9534317482741614	0.9020342268339901	0.9619707885877511	0.9757139281947119	0.8112708577636087	0.997914278266111	0.9661078696566838	0.9501723031533659	0.8984356978493239	0.9653334262766103	0.9531310950674199	0.9761297065792455	0.8388224110811181	0.8895170200164053	0.9507845650959096	0.8568893899521122	0.8755307363961911	0.9913968120014607	0.9818415197151338	0.9640532988109802	0.9363199321024864	0.8294074858361783	0.8834952775770666	0.8677321816057832	0.8589257633242563	0.9613879019222671	0.9382376476828815	0.7597301617454335	0.9483660230251048	0.7600883507094471	0.8602449061547315	0.96870040588942	0.9334926010869836	0.9782497358104157	0.9067736926150841	0.9641069643533398	0.9048844205078823	0.9581192310204552	0.9751061530914426	0.8990472385318408	0.9520123369332552	0.9574106195596609	0.9366164224719792	0.9350738077984757	0.9631490454511482	0.9210966242168751	0.9601559262707368	0.9982749690936816	0.970631897874095	0.9961865566150764	0.9943947834109191	0.9178765796634125	0.9469911927505575	0.9646769900981014	0.9693376095417126	0.9676260085631371	0.8555993716545978	0.9299869955235524	0.9993368954135575	0.958803695504615	0.7614431844145205	0.9628636939461398	0.9964179493763786	0.8181689884027143	0.8425141037873298	0.8667260080040509	0.870323780107018	0.8161057219019014	0.8345923546471965	0.9898186316175217	0.9975451093408708	0.8850539065121301	0.9659558228460235	0.9884259511654423	0.9798611161217187	0.8747589696838403	0.8370679593212684	0.9662097278225088	0.9906877663377445	0.9886136159062551	0.8640983233001209	0.9241512869187769	0.9289565073005519	0.9466503195314248	0.9438470837101799	0.946763539418817	0.9824965498336021	0.9633923797134142	0.955358737544018	0.9487559210714095	0.8487441344545202	0.7958355355449498	0.7797362984042616	0.8171537881897951	0.9575196776055386	0.9741031069934644	0.9638548216185282	0.8684956689360637	0.9669627667352417	0.9487573294828057	0.9502253095999925	0.9228452801517154	0.8558300347420563	0.7618206417735965	0.987545237633642	0.9496884551815516	0.9501838704346613	0.9424781459446231	0.9645913652409592	0.8282609605135995	0.8811508962448007	0.8416790154313027	0.9691630146549016	0.9801668131908227	0.9693417182500016	0.8437536285573757	0.9565063566862841	0.9607923055137879	0.9511773898624025	0.836966624791118	0.9973347502962459	0.9697866360559504	0.9556202442315213	0.9455644821167488	0.9709950680979754	0.9507762132037827	0.9914958557488449	0.956367876663005	0.8987909155285375	0.8602390297533454	0.8548728864015545	0.9354666412083961	0.9288005402776456	0.9882956178335025	0.962963204226244	0.9777943411736608	0.9664672061319238	0.9980072300981274	0.8936456304233187	0.8542873786716159	0.9930975309764873	0.95199364426812	0.9747607857586135	0.9125199061311703	0.9619711013660813	0.9815247148654939	0.9219579554655859	0.8981292478764599	0.9378150868190837	0.996825258590438	0.9957312083311728	0.8741825852687368	0.8999278822810728	0.9625468430875066	0.9533534852851617	0.8476102025869956	0.8733344954084117	0.9178923778782793	0.8546018845516155	0.9764056458191203	0.9698607512448444	0.9731412870217112	0.9827537983003201	0.857962902184961	0.9758271524431041	0.9695376376768857	0.9621337321741742	0.973375443813392	0.9569235919307376	0.9701413756106068	0.8646148830880185	0.9631938209676651	0.9708998296090858	0.882168711170791	0.9517017522307176	0.96394351251742	0.9506472416229703	0.95758524584204	0.9526617541197709	0.983105165144814	0.9812367371712065	0.9643409820920801	0.9675936425797962	0.9978762326873105	0.9559296349364897	0.9536997741481301	0.994237344325062	0.977864465722672	0.871861521685797	0.8955931663035664	0.8701923912522262	0.975785422450475	0.9072013062108322	0.8524015830132824	0.9466739424275036	0.7961326487763688	0.9291904016832203	0.9771092692429751	0.8169694508976764	0.9470059590191472	0.9692424731196295	0.9345699099753928	0.9897710925813482	0.8562150298231752	0.9437708738951965	0.9921437357159445	0.94970200412823	0.9966601881937542	0.9807245938716624	0.9997674746332604	0.9944063023936406	0.766079440029739	0.9544835878619101	0.9717235694796329	0.8483149892389967	0.8831598099606784	0.9838839696818135	0.9960461192453421	0.9000160313871184	0.9678252707149276	0.9528786268242314	0.9485076005840969	0.7630168429762865	0.9761022669635582	0.9538582635823375	0.9752712188675103	0.9744183499516125	0.9931081219178262	0.9593834299345202	0.9398987926534771	0.9549214941153654	0.9514624183212423	0.9641134631536272	0.8807037278731149	0.9244957630161662	0.9109191410148321	0.966522999682472	0.8659655718879549	0.9997994388796038	0.9798546117375292	0.7688838117431478	0.7825390298220773	0.9023602585999594	0.8167446395977758	0.9803821841871223	0.9578687406904512	0.9721682417609352	0.9616907417262879	0.9976102850455412	0.9834297551721136	0.9138254272017255	0.9302123162190984	0.9936565956166308	0.7939808844524398	0.9296310443287267	0.9440849744674077	0.7733589919575525	0.9530797656248257	0.8988903055897972	0.8747682538997504	0.9081608042135437	0.9747742650353859	0.9572563313851132	0.9641505568237666	0.9822226534281354	0.9970742006711641	0.9528560684363425	0.967679769986668	0.8880189735184837	0.9432625564970445	0.9622919843068094	0.9719043085401055	0.977104818687275	0.9171660628315386	0.9894298660842775	0.9316848654158228	0.9815545452715819	0.8702473766232308	0.7716532742644306	0.9851830033067854	0.9279716589613686	0.9896160229279478	0.842838994803101	0.9469087227033753	0.8534061826014078	0.9644446953085859	0.9274279351223542	0.9974350609203966	0.8814496719782201	0.9632590212025967	0.9848215576210724	0.8961779235390341	0.9870106344286662	0.9745873936615898	0.9245364850939948	0.9884195835620068	0.9471006849165408	0.9481475404494022	0.8549561207629566	0.9984724614490633	0.934585608364983	0.9774574006426232	0.9664620420362189	0.9198437759109328	0.824039673928346	0.93482598137476	0.8677389071842405	0.9603874861260582	0.9640272297545986	0.8357781791175161	0.8139451139675963	0.9310605970793382	0.9696563040615321	0.9625476025595412	0.8636826134829328	0.9286023799337353	0.9710435807632677	0.9043709487973917	0.8023029433747592	0.828999645509828	0.885163537776744	0.9010378698766084	0.9561958758322404	0.7723316411296884	0.9931594233478728	0.9078498434710167	0.987252340206578	0.8392246940342623	0.9866761746092324	0.9408768263640295	0.9376181317868723	0.993008811114759	0.9715897744430384	0.9341573099251814	0.9204036960763539	0.8367049509817102	0.9761413926932518	0.9796902253746034	0.9745397039939809	0.9976933923413571	0.9506963900549037	0.8808536020730486	0.9972845038675983	0.9414750774274246	0.9835772512301977	0.978794989887674	0.9246469933779973	0.8875168643208189	0.83272484694311	0.9923051843770125	0.9655201880801494	0.9337596293139901	0.965440977193792	0.963180024256617	0.9764509275421622	0.9499637636529532	0.9772968731996393	0.9502588638462643	0.9918429129684493	0.9406538490944947	0.9738163842314532	0.8959886364874805	0.9940141773434411	0.9157401578323238	0.9849218009935659	0.9451896986967276	0.8949075422843702	0.9386042469724603	0.989322865186679	0.8063065581839597	0.8928481215883456	0.7619901919435701	0.9498391156346556	0.9554502258225042	0.9974016093051583	0.9237816713400849	0.9774601496522028	0.9455924649930022	0.8753049398227599	0.9826940687091683	0.8652704178275828	0.9839172598397192	0.9457153639227598	0.9837855847893133	0.9502223679473601	0.9914700428585083	0.9624896723687648	0.9650615338743703	0.9842260019154602	0.9796135448038427	0.9554704172266518	0.8611756058949424	0.8488308259181363	0.8619873288216798	0.9437681527229108	0.9576727576065043	0.9800906676119274	0.9689824093186408	0.965657606122163	0.948395774209519	0.8884248312203075	0.9822066856153684	0.84977859360719	0.8541752866978902	0.8955580428875688	0.9393415160204482	0.9236262608898633	0.9785236619005906	0.9591403312506932	0.9340124721621282	0.9912976221659187	0.7761002164505966	0.9795212407583603	0.8460459533947716	0.9313806145536988	0.9785008938433228	0.9648604384301187	0.9762498963284244	0.8514637298174892	0.9722069234303788	0.8140011748007998	0.9619063276231746	0.9527051093356022	0.9853079434946299	0.987635484017791	0.975731821705909	0.9436651228403048	0.9641843315705414	0.9550358625680263	0.9696890982593555	0.9731871429616893	0.8222219611499307	0.9583374767523279	0.951490266953527	0.77872946457086	0.9330746132490401	0.9954637928960962	0.9185615300235099	0.942561631514545	0.984171566208084	0.8665519701582028	0.9684405094385392	0.9781045497141326	0.9690961950753908	0.9647311689811927	0.8420960721354516	0.7945318932474168	0.9757410963825501	0.963964853096644	0.9161852959855846	0.8078914087554421	0.9842095920563347	0.9749612815434641	0.8591602379637402	0.9785711592387071	0.8062959070421051	0.9548185416869533	0.9560825064875075	0.9620223934929713	0.8641556837147546	0.8808538589080195	0.9222909055182767	0.9767892037034961	0.9473767800999202	0.9452963034643436	0.9966740580953862	0.9554978164483459	0.9576248714492269	0.9911572338750622	0.9969940753523799	0.9346481934055126	0.975344575115293	0.8820217514347803	0.9533721710434314	0.824481872206453	0.8343073293881694	0.9967248251270457	0.9673866046592523	0.9937841775741424	0.9479499974530052	0.9578905693794023	0.9592490535759767	0.9592988561658087	0.9449288663252178	0.9811264791258042	0.9770252170708188	0.9913083550870222	0.9909567082863625	0.9856708299476968	0.9934063466303749	0.9688759555385652	0.9432217933647012	0.9986176359592274	0.9726124054098154	0.9520192728356732	0.9961021155757578	0.9771085050681536	0.9937808274879902	0.9466695080996552	0.9677669134295679	0.977222266149736	0.9156070909147895	0.9600520506355934	0.9664978112900859	0.928885491996476	0.9928829306459007	0.7945403706220402	0.9549930403045048	0.9886022473699003	0.966935770688218	0.954499437392866	0.9954281418672034	0.9981173899391282	0.9609172669689403	0.938524445430395	0.9759403349796575	0.9345967389854556	0.9911371264332597	0.9863248459960319	0.86859328977985	0.9638205724478851	0.9515552387549486	0.9271465936142333	0.9524447634722395	0.9381674546186682	0.9846337285692539	0.9511751549708864	0.9518438708883474	0.9985688810359034	0.9315593668302081	0.8563868364555185	0.9270211357808333	0.9060019464656603	0.9655034032748726	0.8625494972633684	0.9987462049664422	0.8922356474229944	0.9775865402244442	0.9695459678280983	0.9666254951761613	0.9466229663643044	0.9667404995292634	0.9634747553249773	0.9606625619741057	0.769808005915184	0.873174059125337	0.9832762156236522	0.9474907316356054	0.9531406218140798	0.9910961559178428	0.8947404349356235	0.9538000068120025	0.9828512957854829	0.8763484053659364	0.979032665289319	0.9850871300447979	0.952624782966477	0.9766056963788715	0.9762509536629742	0.9655016919769785	0.9970713244497863	0.9539723126500614	0.9224064966885452	0.9703248343945859	0.9653399033454538	0.9394523184898701	0.9998047789211058	0.9421605137649655	0.950534869920787	0.985780697749889	0.8488313124314615	0.9626943221852372	0.9964732990620567	0.9691133277392858	0.9949706514945005	0.9994899971013469	0.9844335503738364	0.971076846121736	0.9714118293212969	0.8048660240160185	0.9660829042315416	0.8842791217439003	0.9121706215016481	0.7754045883999349	0.9887926482412576	0.9993290056662404	0.9372635854306105	0.9276974597459016	0.9832690062514126	0.9294159397621082	0.9905883262864152	0.9027325226500934	0.9700000651378997	0.9995451607964447	0.9912202356898823	0.9669984419423578	0.9852197710897063	0.8593185754076788	0.9499379020658837	0.9581151746015426	0.8920452077625404	0.9148142601085453	0.8788624172173164	0.9141036690956306	0.8559768164487862	0.9627663989234162	0.9319012132281468	0.9759766388851939	0.9310221252164544	0.9585706999995447	0.9773362488097118	0.990464740875775	0.9108952337943385	0.7548119949153504	0.9545045159040092	0.9770327009966236	0.9226074405489414	0.936326739599576	0.8513924653575685	0.9847043040130246	0.9434438919518939	0.9740422644858066	0.8938775205868407	0.9513860279196298	0.9905477092877654	0.9051724950364815	0.9500007372947865	0.9384000728245203	0.9100148199635958	0.9489015380323641	0.9632516207798343	0.9340856631845167	0.8985551446721836	0.9508912915398989	0.97891901604071	0.898906778220668	0.9610084723531354	0.9746888445885822	0.8768366198668242	0.8678280305047636	0.958797091387145	0.9739932522519849	0.9697225350857502	0.9887035980585935	0.8956659991009382	0.9718628601390507	0.9847209429608529	0.983342485349078	0.9616309425747919	0.9962977678940241	0.9575577824383484	0.9853027351099883	0.8643423507850723	0.9455640358774998	0.9919417588243622	0.9455248818604691	0.8298724702970153	0.8959901525191933	0.7996047111911231	0.9486626298801846	0.8373016435756937	0.9512639288331025	0.7832547040767779	0.9445120242416437	0.9224843108891913	0.7880390127508057	0.9764716401989406	0.7791718924106158	0.9565752421464152	0.9642814378952687	0.7875232981802672	0.8424648995441865	0.9877143776791201	0.9058284872484081	0.9660502656144992	0.965825375910551	0.9451879329612103	0.9650273181610789	0.9954779133817923	0.9396346865248272	0.8656573496914728	0.837102136232676	0.9935577895870025	0.9872060944589043	0.9631140077782915	0.9660287542632447	0.8127714170491807	0.874820595505477	0.7763477974764017	0.825155370780685	0.8471678150612083	0.9498503868974318	0.9810875777474768	0.9980837098720248	0.9738829746622274	0.9769916147842228	0.996300220604577	0.9853193023273732	0.9121558177848599	0.928594720577838	0.96988620951726	0.7975745838313341	0.8412080916644196	0.9337626800384345	0.8491765156080069	0.780715722980895	0.9868298637509658	0.9138807795589043	0.9881616829825597	0.9450670986287469	0.9781706388422761	0.9996780781545959	0.9888575233344381	0.9774849091276818	0.9622311863536477	0.8252855542289546	0.9387716032612923	0.998438028731783	0.9683552801195519	0.964509846085917	0.9579522660095146	0.9599086777353611	0.8323554491045854	0.9330962543377715	0.9953353321476264	0.9120821304928179	0.9718326792118331	0.8488862067313019	0.8015357942913508	0.9963775763407335	0.9826258058202504	0.7759732754166085	0.799177301556656	0.9761672032645006	0.9433801128040298	0.993947408185012	0.9390757143493511	0.9453832622980243	0.9197176996314473	0.8556150479509246	0.9561589147868401	0.9705764822214834	0.85788331968587	0.9522452025145637	0.8250495439267291	0.9348751033716973	0.9936721621979444	0.9634383673494548	0.9873089335304019	0.8795967833872106	0.9501508957265866	0.998586165057447	0.9293100608409758	0.859584049352018	0.9692405895699937	0.8670118291088272	0.9836584098367371	0.9354312148101153	0.9769786244513761	0.862895350905348	0.9175369181088584	0.9343960780734859	0.9848285998487295	0.9919814132984967	0.8977600274349431	0.8789406273667757	0.7692205691708373	0.9299684569105595	0.9888154979042358	0.9326644176430041	0.9553150971959283	0.9866525300102408	0.9655934199906838	0.9868414578512035	0.9402113254829338	0.9703392348682056	0.9600441057721368	0.9845870460956059	0.9645036798949159	0.8522258552994197	0.9363748440556195	0.9592515887856278	0.9685097970345917	0.9095310135591943	0.9339457863703899	0.9846303884028799	0.9321384882737502	0.9531127983354917	0.8919550729551199	0.9374104283110567	0.8674646575096605	0.9417943200358424	0.954707823874557	0.8540814041436102	0.8580716660196046	0.9928489008570623	0.9706227929215057	0.9426840108476058	0.9726090207923836	0.8516640920420161	0.9744194203207386	0.8172790753198675	0.9954056639969696	0.9296997658788475	0.9986814500248683	0.9751443552062957	0.9348909979214649	0.8553100351935198	0.9616192583366295	0.8828388603992323	0.758133973738534	0.9889054860801032	0.9649203608694283	0.9841081879183835	0.9619495969320478	0.9656893302334474	0.8210624780276075	0.9339072090154003	0.9672637560482042	0.9959338680334608	0.952364402325021	0.9854673855646569	0.9791357201600187	0.9365198425928662	0.958448728682814	0.7894799281209078	0.9994787471136682	0.9668012289641165	0.9353617385580749	0.8058710818295767	0.8106892630333291	0.9308883788136626	0.9855527832619647	0.9584666148072511	0.9983587276181106	0.7796993928324935	0.9803865738947228	0.964605455247547	0.9927107639840466	0.9817151227281686	0.9544943793605628	0.9729764379067344	0.971566019697526	0.9362680977615984	0.910507166596612	0.9893068043062212	0.9948417798679529	0.8933834988198872	0.9642878329332019	0.9522907912865208	0.8744606885082655	0.992868475788148	0.9570072525028914	0.9979424174187111	0.8670162800093613	0.9911808469109614	0.993071169131656	0.9388913140951797	0.9750473149032997	0.8661464480449139	0.9531574395263938	0.9180154114790554	0.9482762979607195	0.9508667299564617	0.9694933315562922	0.9991739754044352	0.8269017110817528	0.9943896989831672	0.94753709715133	0.9647420111216712	0.9919746585276941	0.9446657272674525	0.9089347282515864	0.7860233709710744	0.965585977618229	0.9653299998503251	0.9384928167812916	0.9883820321115395	0.977177939476686	0.9402713964310363	0.949190322119681	0.7843569309503083	0.9107101714855824	0.9231633781004338	0.9914264769315438	0.7815029467824213	0.9280095460939033	0.9951429285691552	0.8750417032129513	0.9851204416321327	0.9880282091066847	0.787857729463119	0.9832187131379875	0.9989436082704947	0.9607423935144691	0.9969745296315147	0.7672788525145402	0.9828345047058322	0.92522450462616	0.917277152962425	0.9833095505606179	0.9213954837573778	0.8899760462992337	0.9202008490996192	0.9999799737935409	0.9448386945778142	0.9815223051116844	0.8728961501442636	0.8369413926155795	0.7766370175316223	0.8271671171879804	0.9603909968984242	0.9580496887005326	0.9168770951811801	0.9319719977458559	0.8323274750544076	0.8033645622487047	0.9764189814437384	0.9119427216572706	0.8718652491523984	0.9418611447782539	0.9629698198614847	0.9917902912787454	0.968430272652111	0.9908046735356677	0.8637778916002917	0.8386921650973445	0.9187515811114623	0.9906206633175454	0.9506293177839648	0.989942928051823	0.8984499590772276	0.9418734185442404	0.9073331375870743	0.922573195233304	0.9695963351707659	0.9989104316044589	0.9271393588461196	0.9739017302890696	0.9689464597507278	0.8362695384958888	0.9666575382380834	0.9613393928070393	0.8321565410372259	0.9043725950294115	0.941324347386676	0.9644179715384384	0.888091941915873	0.9372422640738884	0.9482368574593658	0.9123185706836189	0.8846356440395728	0.978937968668228	0.9773859083645963	0.9742681672978583	0.9012407808728293	0.9767409084944269	0.9737953505446424	0.9949171744036089	0.9918765894793496	0.9526068052665323	0.9713625307265964	0.9995225819762119	0.9685444769151396	0.8246245504743629	0.9533207600805439	0.9775443537151972	0.956048642145903	0.852480553189728	0.9660571081686739	0.9492472925414004	0.8996766669472789	0.9506172319634217	0.98110790535616	0.9752737654567496	0.9604675986629264	0.9524800290846038	0.8879332546505959	0.9616049719844088	0.8160694762882886	0.9633206965915455	0.9265818255452404	0.9638007966963427	0.8801488583451624	0.9960979340370875	0.9926342919383658	0.9544467901082478	0.9564681284763307	0.9323198376765807	0.9357056015690998	0.9918562576194383	0.8289815663528843	0.9968901074213243	0.9124023351299847	0.9757795843806236	0.9159563132309131	0.8532616694133122	0.9862792085967558	0.9702082326357948	0.8993478491391874	0.9756148862925694	0.9590007316002931	0.9617237635814752	0.8999693151582314	0.9487490639225554	0.9774961200318131	0.8737594777652244	0.9879805830658365	0.9947124645695434	0.8821836537521592	0.9093036274127346	0.966448211071727	0.9029145521750191	0.9416242201635789	0.9642909830563288	0.9605172117777606	0.9678726598856061	0.9968616076828055	0.9378927532996726	0.9399036676395089	0.9774269573286809	0.9701638813605183	
GlobalEpochStatus:------------------------------------------------------------------------
True
ParetoFronts:------------------------------------------------------------------------
Incomplete Epoch:
0.5766908104778438	0.5770749350284229	0.6129339669133149	0.6133786142098805	0.9779266497040385	0.977946183498084	0.9779971005530759	0.9782747461199509	0.9782821047683483	0.9783842269312328	0.9784093128401227	0.9784461597298698	0.978581612612725	0.978591716746822	0.9785972169071561	0.9785991675287635	0.9810014130726752	0.9810023611595599	0.9810463358689637	0.981056174337871	0.9810590606970759	0.9810722562122509	0.9811121183978946	0.9812645501803963	0.9813792673551631	0.9813859294077628	0.9814260818112417	0.9814313503970362	0.9834983537533909	0.9835536312042394	0.9835815791627622	0.9836085262132029	0.9874649242212834	0.9874652130170164	0.9874702002953699	0.9874763209667736	0.9874795246108699	0.9874849509879642	0.9874999795379676	0.9875089697784901	0.9875152304117298	0.9875320502769412	0.9875615985945112	0.9876611234219499	0.9876892768678184	0.9877035393728746	0.9877249590438092	0.9877252620983938	0.9878654895914951	0.9878750541112168	0.9878759357115293	0.9878996030128643	0.9879002599584873	0.9879183782891784	0.9879315907487791	0.993616744273771	0.9936310638284442	0.9937313554003437	0.9937461064583659	0.9937554225176953	0.9937612434483668	0.9939290067688007	0.99393174523397	0.9947750031742415	0.9959134802177708	0.9959219632820387	0.9959987639938761	0.9963263981108574	0.9963301476107245	0.9973548660280178	0.9974581610578642	0.9980073048567972	0.9983355015210879	0.9983535729352296	
521.1864406779661	520.7292707292708	519.690927218345	519.4610778443114	379.0167984189723	378.38728897715987	378.3543307086614	377.86968576709796	377.60184331797234	377.41651376146785	377.39399454049135	376.789664551224	374.6666666666667	374.09050966608083	371.46030589949015	370.9934640522876	369.5260295260295	369.04984423676007	369.0472501936483	368.8562596599691	368.45419847328236	368.2807570977918	368.1832543443918	368.08	367.9381443298969	367.4212765957447	367.0017035775128	366.5814151747655	332.5066480055984	332.387456445993	330.24899598393574	330.0804289544236	329.0801393728223	328.8485694347522	328.84372810091094	328.3800841514726	327.9157894736842	327.4508426966292	326.9852424455376	326.4968152866242	326.46112600536196	326.0269121813031	325.55634301913534	323.2487725040917	320.670436187399	319.91961414790995	318.5074626865672	318.2142857142857	317.6368876080692	317.3551401869159	317.22772277227716	317.0125223613595	316.871609403255	316.4826357969724	314.6038732394366	278.1751968503937	278.1620553359684	277.65787079162874	276.66847335140017	275.94075403949734	274.0529100529101	273.4216335540839	271.51194786386674	149.37585868498527	98.50188111361926	97.26023657870792	96.20827770360481	11.473877176901922	10.993618960802186	9.081468218442255	5.433717579250721	4.819785276073619	2.209666439754935	1.8669833729216152	
Complete Epoch:
0.5543760261651802	0.5652014690090404	0.9546629434529632	0.9645821855773965	0.9783230375185097	0.980499193645614	0.9810296755429364	0.9813893102404241	0.9863755772942147	0.9875152304117298	0.9875503958255446	0.9907055702445214	0.9914764923703717	0.9939294784007702	0.9943764421025987	0.9953882945824748	0.9959987639938761	0.9963216860905452	0.9963263981108574	0.9973548660280178	0.9974581610578642	0.9976137781355956	0.9979423682084156	0.9983355015210879	0.9983363968357348	0.9997110694746801	0.9999277839963459	1.00000000000145	
496.0	481.0	372.71000000000004	371.2546666666667	369.796	367.50666666666666	346.39466666666664	341.82933333333335	334.284	324.72	324.05999999999995	313.496	294.016	269.4893333333333	153.68466666666666	102.78266666666667	96.08	9.648	8.345333333333333	6.762666666666666	5.0280000000000005	3.144	2.238	2.1639999999999997	2.12	1.5386666666666666	1.524	1.516	
